k: 5
p : 0.7
Sensitivity : 0.765152
Specificity : 0.991435
Accuracy : 0.979327
